%YAML:1.0
---
K: !!opencv-matrix
   rows: 3
   cols: 3
   dt: d
   data: [ 2.7362484754581492e+03, 0., 7.1604288171598489e+02, 0.,
       2.4182951915666576e+03, 9.9919233313780569e+02, 0., 0., 1. ]
D: !!opencv-matrix
   rows: 1
   cols: 5
   dt: d
   data: [ -4.2108701037353735e-01, -1.4161377524861489e+01,
       -2.7148614294574630e-01, -1.6325646390392230e-03,
       4.6814520493831942e+01 ]
